2, 2, 2, 2, 2, 2, 2, 2, 2, 2, 2, 2, 2, 2, 2, 3, 2, 2, 3, 3, 2, 3, 3, 2, 3, 2, 2, 3, 3, 2, 3, 5, 5, 5, 5, 5, 5, 5, 5, 5, 5, 8, 8, 5, 8, 8, 5, 5, 5, 5, 5, 5, 9, 9, 9, 5, 5, 5, 5, 5, 5, 5, 5, 5, 5, 5, 5, 5, 5, 8, 8, 5, 8, 8, 5, 5, 2, 8, 2, 9, 9, 9, 9, 5, 5, 5, 5, 8, 5, 9, 9, 9, 9, 9, 9, 9, 8, 8, 5, 5, 5, 5, 5, 5, 5, 5, 5, 8, 8, 5, 8, 8, 5, 8, 5, 8, 8, 2, 2, 5, 2, 5, 5, 5, 2, 5, 2, 2, 2, 5, 2, 5, 2
2, 2, 2, 2, 2, 2, 2, 2, 2, 2, 2, 2, 2, 2, 2, 2, 2, 3, 3, 2, 3, 3, 4, 4, 4, 4, 4, 4, 4, 5, 5, 5, 5, 5, 5, 5, 8, 8, 5, 8, 8, 2, 2, 2, 2, 5, 2, 2, 2, 2, 2, 5, 5, 5, 8, 5, 5, 5, 5, 5, 5, 5, 5, 5, 5, 5, 5, 5, 5, 8, 8, 5, 8, 8, 5, 8, 8, 5, 8, 8, 5, 5, 5, 5, 5, 5, 5, 5, 5, 5, 5, 5, 5, 8, 8, 5, 8, 8, 5, 8, 8, 5, 8, 8, 5, 5, 2, 8, 8, 8, 2, 9, 9, 9, 9, 5, 5, 5, 5, 8, 5, 9, 9, 9, 9, 9, 9, 9, 9, 9, 8, 8, 8, 8, 8, 8, 5, 5, 5, 5, 5, 5, 5, 5, 2, 2, 8
3, 3, 7, 7, 3, 3, 7, 7, 7, 3, 7, 7, 7, 3, 7, 3, 3, 3, 7, 3, 3, 3, 7, 3, 3, 7, 7, 7, 7, 7, 7, 3, 3, 3, 7, 3, 7, 3, 3, 7, 3, 7, 3, 7, 3, 3, 3, 7, 7, 7, 3, 7, 7, 7, 3, 7, 3, 3, 7, 7, 7, 7, 7, 7, 7, 3, 3, 3, 7, 3, 3, 3, 7, 3, 7, 3, 7, 7, 7, 3, 7, 3, 3, 3, 7, 7, 7, 3, 7, 3, 3, 3, 7, 7, 7, 7, 7, 7, 7, 7, 7, 7
7, 7, 3, 7, 7, 7, 3, 3, 3, 7, 3, 7, 7, 3, 7, 7, 3, 3, 3, 3, 3, 7, 7, 3, 7, 7, 3, 3, 7, 7, 3, 7, 7, 3, 7, 7, 7, 3, 7, 7, 3, 7, 7, 7, 7, 3, 3, 7, 7, 7, 3, 7, 7, 3, 7, 7, 7, 3, 7, 7, 7, 3, 7, 7, 3, 3, 7, 7, 3, 7, 7, 7, 3, 7, 7, 7, 7, 7, 7, 7, 7, 7, 7, 7, 3, 3, 7
3, 3, 7, 7, 3, 7, 7, 3, 3, 7, 7, 7, 3, 3, 7, 7, 3, 3, 7, 7, 3, 7, 7, 7, 7, 7, 7, 7, 7, 3, 3, 3, 7, 7, 3, 7, 7, 3, 7, 7, 3, 7, 7, 3, 7, 7, 3, 7, 7, 3, 7, 7, 7, 7, 7, 7, 7, 7, 7, 3, 3, 3, 7, 3, 7, 3, 3, 3, 3, 7, 7, 7, 3, 7, 7, 7, 3, 7, 3, 3, 3, 7, 7, 3, 7, 7, 3, 7, 3, 3, 3, 7, 7, 7, 7, 7, 7, 7, 7, 7, 7
2, 2, 2, 2, 2, 2, 2, 2, 2, 2, 2, 2, 2, 3, 3, 2, 3, 3, 2, 1, 2, 3, 2, 3, 3, 2, 1, 2, 2, 3, 3, 2, 3, 3, 2, 3, 3, 2, 3, 3, 3, 3, 3, 3, 5, 5, 5, 5, 5, 5, 5, 5, 5, 8, 8, 5, 8, 8, 5, 8, 8, 5, 8, 8, 5, 5, 5, 8, 8, 5, 8, 8, 5, 8, 8, 8, 8, 5, 8, 8, 5, 8, 8, 9, 5, 5, 5, 5, 5, 5, 8, 5, 8, 8, 8, 5, 8, 8, 5, 5, 5, 5, 5, 5, 5, 5, 5, 5, 5, 5, 5, 5, 5, 5, 5, 5, 5, 2, 8, 2, 9, 9, 9, 9, 5, 5, 8, 5, 9, 9, 9, 9, 9, 9, 9, 8, 8, 5, 5, 5, 5, 5, 5, 5, 5, 2, 2, 5, 2, 2, 2, 5, 5, 5, 2, 5, 2, 8, 5, 2, 2, 5, 2, 5, 2
2, 2, 2, 2, 2, 2, 2, 2, 2, 2, 2, 2, 2, 3, 3, 2, 3, 3, 2, 3, 3, 2, 3, 3, 2, 3, 3, 2, 5, 5, 5, 5, 5, 5, 5, 5, 5, 5, 8, 8, 5, 8, 8, 5, 8, 8, 5, 5, 5, 5, 5, 5, 5, 5, 5, 5, 5, 5, 5, 5, 5, 5, 5, 5, 5, 5, 5, 5, 5, 8, 5, 2, 8, 2, 9, 9, 9, 9, 5, 5, 8, 5, 9, 9, 9, 9, 9, 9, 9, 8, 8, 5, 5, 5, 5, 5, 5, 5, 5, 8, 8, 5, 8, 8, 5, 8, 2, 2, 5, 2, 5, 5, 5, 5, 5, 2, 5, 2, 2, 2, 2, 2, 5, 2, 5, 2, 2, 2
2, 2, 2, 2, 2, 2, 2, 2, 2, 2, 2, 2, 2, 3, 3, 2, 3, 3, 2, 3, 3, 2, 3, 3, 2, 3, 3, 2, 3, 3, 2, 3, 3, 2, 3, 3, 2, 3, 3, 2, 3, 3, 2, 3, 5, 5, 5, 5, 5, 5, 5, 5, 8, 8, 5, 8, 8, 5, 5, 5, 5, 5, 5, 5, 5, 5, 5, 5, 8, 8, 5, 8, 8, 5, 8, 8, 5, 8, 8, 5, 5, 5, 5, 5, 5, 5, 5, 5, 5, 5, 5, 5, 8, 8, 5, 8, 8, 5, 8, 8, 5, 8, 8, 5, 5, 5, 5, 2, 8, 2, 9, 9, 9, 9, 5, 5, 8, 5, 9, 9, 9, 9, 9, 9, 9, 9, 9, 8, 8, 8, 8, 8, 8, 5, 5, 5, 5, 5, 5, 5, 5, 2, 2, 5, 2, 5, 5, 5, 2, 5
2, 2, 2, 2, 2, 2, 2, 2, 2, 2, 2, 2, 2, 2, 2, 2, 5, 5, 5, 5, 5, 5, 8, 8, 5, 2, 5, 5, 8, 5, 5, 5, 5, 5, 5, 5, 5, 5, 5, 2, 5, 5, 5, 5, 8, 8, 8
7, 3, 7, 7, 3, 7, 7, 7, 7, 7, 7, 7, 7, 7, 3, 3, 3, 7, 3, 7, 3, 7, 3, 7, 3, 3, 3, 7, 3, 3, 3, 7, 3, 7, 3, 3, 7, 3, 3, 7, 7, 7, 3, 7, 7, 7, 3, 3, 3, 3, 7, 3, 7, 3, 3, 7, 3, 7, 3, 7, 3, 7, 3, 3, 3, 7, 7, 7, 7, 7, 7, 7, 7, 7, 7, 7, 3, 3, 3, 3, 7, 3
2, 2, 2, 2, 2, 2, 2, 2, 2, 2, 2, 2, 2, 2, 2, 2, 4, 4, 4, 4, 4, 4, 5, 5, 5, 5, 5, 5, 5, 5, 8, 5, 5, 5, 5, 5, 5, 5, 5, 5, 5, 5, 5, 5, 5, 5, 5, 5, 5, 5, 5, 5, 5, 5, 5, 5, 5, 5, 5, 5, 5, 5, 8, 8, 5, 8, 8, 5, 5, 8, 5
2, 2, 2, 2, 2, 2, 2, 2, 2, 2, 2, 2, 2, 2, 2, 2, 4, 4, 4, 4, 4, 4, 5, 5, 5, 5, 5, 5, 2, 2, 5, 2, 2, 2, 5, 5, 5, 5, 5, 5, 5, 2, 5, 5, 2, 5, 5, 5, 5, 5, 5, 5, 5, 8, 8, 5, 8, 8, 5, 5, 5, 5, 5, 5, 5, 5, 5, 5, 5, 5, 5, 5, 5, 5, 5, 5, 5, 2, 8, 2, 9, 9, 9, 9, 5, 5, 5, 5, 8, 5, 9, 9, 9, 9, 9, 9, 9, 8, 8, 8, 5, 5, 5, 5, 5, 5, 5, 5, 5, 5, 5, 2, 5, 5, 5, 8, 5, 5, 8, 5, 5, 5, 8, 5, 5, 8, 5, 8, 8, 5, 8, 8, 2, 2, 5
2, 2, 2, 2, 2, 2, 2, 2, 2, 2, 2, 2, 2, 1, 2, 2, 3, 3, 2, 3, 2, 5, 5, 5, 5, 5, 5, 5, 5, 5, 5, 8, 8, 5, 8, 8, 5, 5, 5, 8, 8, 5, 8, 8, 5, 2, 5, 5, 8, 8, 5, 5, 5, 5, 5, 5, 5, 5, 5, 5, 5, 5, 5, 5, 5, 5, 5, 5, 5, 2, 8, 8, 8, 2, 9, 9, 9, 9, 5, 5, 5, 5, 8, 5, 9, 9, 9, 9, 9, 9, 9, 8, 8, 8, 8, 8, 8, 5, 5, 5, 5, 5, 5, 5, 5, 5, 5, 5, 5, 5, 5, 5, 5, 5, 8, 8, 8, 8, 2, 2, 5, 2, 5, 5, 5, 2, 5, 2, 2, 2, 5, 2, 5, 2
2, 2, 2, 2, 2, 2, 2, 2, 2, 2, 2, 2, 2, 2, 2, 3, 2, 2, 3, 8, 5, 8, 8, 2, 5, 2, 2, 5, 8, 5, 5, 5, 5, 5, 5, 5, 5, 5, 5, 5, 5, 5, 5, 5, 8, 8, 5, 8, 8, 8, 9, 9, 9, 5, 5, 5, 5, 5, 5, 5, 5, 5, 5, 5, 5, 5, 5, 5, 5, 5, 5, 5, 5, 5, 5, 5, 5, 5, 5, 5, 5, 5, 5, 5, 5, 8, 5, 5, 5, 5, 8, 5, 5, 2, 2, 2, 2, 2, 2, 5, 5, 5, 5, 5, 5, 5, 5, 5, 5, 5, 5, 8, 8, 8, 8, 5, 5, 5, 5, 5, 5, 5, 5, 5, 5
2, 2, 2, 2, 2, 2, 2, 3, 3, 2, 3, 3, 2, 3, 3, 2, 3, 3, 5, 5, 5, 5, 5, 5, 5, 5, 5, 5, 5, 8, 8, 5, 8, 8, 5, 5, 8, 8, 5, 8, 8, 5, 8, 8, 5, 8, 8, 5, 8, 8, 5, 5, 5, 5, 5, 5, 5, 5, 5, 5, 5, 5, 5, 5, 5, 5, 8, 5, 5, 8, 5, 5, 5, 5, 5
2, 2, 2, 2, 2, 1, 2, 2, 3, 3, 2, 3, 3, 2, 1, 2, 3, 3, 2, 3, 2, 3, 2, 5, 5, 5, 5, 5, 5, 5, 5, 5, 5, 5, 5, 5, 5, 5, 8, 5, 5, 8, 8, 5, 5, 5, 5, 5, 5, 5, 5, 5, 5, 5, 5, 5, 5, 8, 5, 5, 8, 9, 5, 5, 5, 5, 5, 5
2, 2, 2, 2, 2, 2, 2, 3, 2, 2, 3, 2, 1, 1, 1, 1, 1, 1, 1, 1, 5, 5, 5, 5, 5, 5, 5, 5, 5, 5, 5, 5, 5, 8, 5, 5, 2, 5, 5, 8, 5, 5, 8, 5, 5, 5, 5, 5, 5, 5, 5, 5, 5, 5, 5, 5, 5, 8, 5, 5, 8, 5, 5, 8, 5, 5, 8, 5, 5, 5, 5, 5, 5, 5, 5, 8, 5, 8
2, 2, 2, 2, 2, 2, 2, 5, 5, 5, 5, 5, 5, 5, 5, 5, 5
2, 2, 2, 2, 2, 2, 2, 3, 3, 2, 3, 3, 2, 3, 3, 2, 3, 3, 4, 5, 5, 5, 5, 5, 5, 5, 5, 5, 5, 5, 5, 8, 5, 5, 8, 8, 5, 2, 5, 5, 8, 5, 5, 5
2, 2, 2, 2, 2, 2, 2, 3, 3, 2, 1, 2, 2, 3, 3, 2, 1, 2, 5, 5, 5, 5, 5, 5, 5, 5, 5, 5, 5, 5, 5, 5, 5, 8, 8, 5, 8, 8, 5, 8, 8, 5, 8, 5, 5, 5, 5, 5, 5, 8, 5, 8, 8, 5, 8, 8, 5, 5, 8, 5, 8
2, 2, 2, 2, 2, 2, 2, 3, 3, 2, 3, 3, 2, 5, 5, 5, 5, 5, 5, 5, 5, 5, 5, 5, 5, 5, 5, 5, 5, 5, 5, 5, 5, 5, 5, 5, 5, 5, 5, 5, 8, 5, 8, 5, 5, 5, 5
2, 2, 2, 2, 2, 2, 2, 2, 2, 2, 2, 2, 2, 2, 2, 3, 2, 2, 1, 1, 3, 2, 1, 1, 2, 2, 2, 2, 2, 2, 2
2, 2, 2, 2, 2, 2, 2, 2, 2, 2, 2, 2, 2, 5, 5, 5, 5, 5, 5, 5, 5, 5, 5, 5, 5, 5, 8, 8, 5, 8, 8, 5
5, 5, 5, 5, 5, 5, 5, 5, 5, 8, 8, 5, 8, 8, 5, 5, 5, 5, 5, 5, 5, 5, 5, 5, 5, 5, 5, 5, 8, 8, 5, 8, 8, 5, 8, 5, 5, 5, 5, 5, 5, 5, 8, 8, 5, 8, 5, 5, 5, 5, 5, 5, 5, 8, 8, 5, 8, 8, 5, 5, 5, 5, 5, 5, 5, 5, 5, 5, 5, 5, 5, 8, 8, 5, 8, 8, 5, 8, 8, 5, 8, 8, 5, 8, 8, 5, 8, 5, 5, 5, 5, 5, 5, 5, 5, 5, 5, 5, 5, 8, 8, 5, 8, 8, 5, 5, 8, 5, 2, 8, 8, 8, 5, 8, 8, 2, 2, 5, 2, 2, 2, 5, 5, 5, 8
2, 2, 2, 2, 2, 2, 2, 2, 2, 2, 2, 2, 2, 2, 2, 3, 3, 2, 3, 3, 2, 3, 3, 2, 3, 3, 2, 3, 3, 2, 3, 3, 2, 3, 3, 2, 3, 2, 2, 3, 3, 4, 4, 4, 5, 5, 5, 5, 5, 5, 5, 8, 5, 5, 5, 8, 8, 5, 8, 8, 5, 8, 5, 5, 8, 8, 5, 5, 5, 5, 5, 5, 5, 5, 5, 5, 5, 5, 8, 8, 5, 8, 8
2, 2, 2, 2, 2, 2, 2, 2, 2, 2, 2, 2, 2, 2, 2, 2, 2, 3, 3, 2, 3, 3, 5, 5, 5, 5, 5, 5, 5, 5, 5, 5, 5, 5, 5, 2, 5, 5, 2, 2, 5, 2, 5, 5, 5, 5, 2, 5, 2, 5, 5, 5, 5, 5, 5, 5, 5, 5, 5, 5, 5, 5, 5
2, 2, 2, 2, 2, 2, 5, 5, 5, 5, 5, 5, 5
2, 2, 2, 2, 2, 2, 2, 2, 2, 2, 2, 2, 2, 1, 2, 2, 3, 3, 2, 3, 3, 2, 3, 2, 3, 3, 2, 5, 5, 5, 5, 5, 5, 5, 5, 5, 5, 5, 8, 8, 5, 8, 8, 5, 8, 8, 5, 8, 8, 8, 8, 8, 5, 8, 8, 5, 8, 8, 5, 8, 8, 5, 8, 8, 5, 5, 5, 8, 8, 5, 8, 8, 5, 8, 8, 5, 8, 5, 8, 5, 8, 8, 5, 5, 5, 5, 5, 5, 5, 5, 5, 5, 5
5, 5, 5, 5, 5, 5, 5, 5, 5, 5, 5, 8, 8, 5, 8, 8, 5, 8, 8, 5, 8, 8, 8, 5, 8, 8, 5, 8, 8, 5, 2, 5, 5, 2, 5, 5, 8, 8, 5, 2, 5, 5, 5, 5, 5, 5, 5, 5, 5, 2, 5, 5, 8, 5, 9, 9, 9, 9, 9, 9, 9, 9, 9, 9, 9, 9, 9, 9, 9, 9, 9, 5, 8, 8, 5, 5, 5, 5, 5, 5, 5, 5, 5, 5, 5, 5, 5, 5, 5, 5, 5, 5, 8, 8, 5, 5, 5, 5, 5, 5, 8
2, 2, 2, 2, 2, 2, 2, 2, 2, 2, 2, 2, 2, 3, 3, 2, 3, 3, 2, 3, 5, 5, 5, 5, 5, 5, 5, 5, 5, 5, 5, 5, 5, 5, 5, 8, 8, 8, 8, 5, 5, 5, 5, 5, 5, 5, 5, 5, 5, 5, 8, 8, 5, 8, 8, 8, 8, 8, 5, 5, 5, 5, 5, 5, 5, 5, 5, 5, 5, 5, 5, 8, 8
5, 5, 5, 5, 5, 5, 5, 5, 5, 5, 5, 5, 5, 8, 8, 5, 8, 8, 5, 8, 8, 8, 8, 8, 5, 2, 2, 5, 2, 2, 5, 2, 2, 5, 2, 2, 5, 2, 2, 5, 2, 2, 5, 5, 5, 8, 8, 5, 8, 8, 5, 2, 5, 5, 8, 5, 8, 5, 5, 5, 5, 5, 8, 8, 5, 5, 5, 5, 5, 5, 5, 5, 5, 5, 5, 5, 5
2, 2, 2, 2, 2, 2, 2, 2, 2, 2, 2, 2, 2, 3, 2, 2, 1, 2, 2, 3, 2, 3, 2, 2, 2, 2, 3, 2, 2, 3, 3, 2, 3, 3, 2, 3, 3, 5, 5, 5, 5, 5, 5, 5, 5, 5, 5, 5, 5, 5, 8, 8, 5, 8, 8, 5, 8, 8, 8, 5, 8, 5, 8, 8, 8, 8, 5, 5, 5, 5, 5, 5, 5, 5, 5, 5, 5, 8, 8, 5, 8, 8, 5, 8, 8, 5, 8, 8, 5, 5, 5, 5, 5, 5, 5, 5, 5, 5
5, 5, 5, 5, 5, 5, 5, 5, 5, 5, 5, 8, 8, 5, 8, 8, 5, 8, 5, 8, 5, 8, 8, 5, 8, 5, 5, 8, 8, 5, 8, 8, 5, 8, 8, 8, 5, 8, 5, 8, 5, 5, 8, 5, 5, 5, 8, 8, 5, 2, 5, 5, 8, 5, 5, 8, 5, 5, 8, 5, 5, 5, 5, 5, 8, 5, 5, 8, 8, 8, 8, 8, 5, 5, 5, 5, 5, 5, 5, 5, 5, 5, 5, 5, 8
2, 2, 2, 2, 2, 2, 2, 2, 2, 2, 2, 2, 2, 1, 2, 2, 3, 3, 2, 1, 2, 2, 2, 3, 2, 1, 2, 2, 3, 3, 2, 3, 3, 2, 1, 2, 2, 3, 5, 5, 5, 5, 5, 5, 5, 5, 5, 5, 5, 8, 5, 5, 2, 5, 5, 8, 8, 5, 8, 5, 5, 5, 5, 5, 8, 8, 5, 8, 8, 5, 2, 5, 8, 5, 8, 5, 5, 5, 5, 8, 8, 5, 8, 5, 5, 8, 5, 8, 5, 8, 5, 5, 5, 5, 5, 5, 5, 5, 5, 5, 5, 5, 5, 5, 5, 5, 8, 8, 5, 8, 8, 5, 2, 2, 8, 5, 8, 8, 5, 2, 2, 5, 5, 5, 5, 8, 8, 5, 5, 5, 5, 8
2, 2, 2, 2, 2, 2, 2, 2, 2, 2, 2, 2, 2, 3, 3, 2, 3, 3, 2, 3, 5, 5, 5, 5, 5, 5, 5, 5, 5, 5, 5, 8, 8, 5
2, 2, 2, 2, 2, 2, 2, 2, 2, 2, 2, 2, 2, 3, 2, 2, 3, 3, 5, 5, 5, 5, 5, 5, 5, 5, 5, 5, 5, 2, 5, 5, 5, 9
2, 2, 2, 2, 2, 2, 2, 2, 2, 2, 2, 2, 2, 3, 3, 2, 1, 2, 2, 5, 5, 5, 5, 5, 5, 5, 5, 5, 5, 9, 5, 5, 5
2, 2, 2, 2, 2, 2, 2, 2, 2, 2, 2, 2, 2, 3, 3, 2, 1, 2, 2, 3, 3, 3, 2, 3, 3, 2, 3, 2, 2, 3, 3, 2, 1, 2, 3, 2, 2, 2, 5, 5, 5, 5, 5, 5, 5, 5, 5, 5, 5, 5, 5, 5, 5, 2, 2, 5, 8, 8, 5, 8, 8, 5, 2, 8, 8, 5, 2, 5, 5, 2
2, 2, 2, 2, 2, 2, 2, 2, 2, 2, 2, 2, 2, 1, 2, 2, 5, 5, 5, 5, 5, 5, 5, 5, 5, 5, 5, 8, 8, 5, 8, 8, 5, 2, 5, 5, 8, 5, 8, 5, 5, 5, 8, 5, 5, 8, 8, 5, 8, 5, 8, 5, 8, 5, 5, 2, 5, 5
2, 2, 2, 2, 2, 2, 2, 2, 2, 2, 2, 2, 2, 2, 2, 2, 2, 3, 3, 2, 3, 2, 2, 3, 3, 2, 3, 3, 2, 3, 5, 5, 5, 5, 5, 5, 5, 5, 5, 5, 5, 5, 5, 5, 5, 5, 5, 5, 5, 5, 5, 5, 5, 5, 5, 2, 5, 5, 2, 2, 5, 8, 8, 5, 5, 5, 5, 5, 5, 5, 5, 5, 5, 5, 5, 5, 5, 5, 5, 5, 5, 5, 5, 5, 5, 8, 5, 5, 5, 5, 5, 5, 5, 5, 8, 5, 5, 5, 5, 5, 5, 5, 5, 5, 5, 5, 5, 5, 5, 5, 5, 5, 5, 2, 5, 5, 8, 8, 5, 5, 5
2, 2, 2, 2, 2, 2, 2, 2, 2, 2, 2, 2, 2, 3, 3, 2, 3, 2, 2, 1, 2, 3, 2, 1, 2, 3, 3, 2, 3, 3, 2, 1, 2, 2, 3, 3, 2, 1, 2, 3, 2, 3, 2, 5, 5, 5, 5, 5, 5, 5, 5, 5, 5, 5, 5, 5, 2, 5, 5, 8, 5, 5, 8, 8, 5, 5, 8, 5, 8, 5, 8, 8, 5, 8, 8, 5, 8, 8, 5, 8, 8, 5, 5, 5, 8, 8, 5, 8, 5, 5, 8, 5, 8, 5, 5, 8, 5, 5, 5, 5, 5, 8, 8, 5, 2, 2, 5, 8, 8, 5, 2, 2, 5, 5, 5, 5, 5, 5, 5, 5, 5, 5
4, 4, 4, 4, 4, 2, 2, 2, 2, 2, 2, 2, 2, 2, 3, 3, 2, 3, 3, 2, 3, 3, 9, 9, 5, 5, 5, 5, 5, 5, 5, 5, 5, 5, 5, 8, 5, 5, 8, 8, 5, 8, 8, 5, 8, 5, 5, 8, 8, 5, 5, 5, 5, 5, 5, 5, 2, 5, 5, 2, 5, 5, 5, 5, 5, 5, 5, 5, 5, 5, 5, 5, 5, 8, 8, 5, 8, 8, 5, 5, 2, 8, 8, 8, 2, 9, 9, 9, 9, 9, 9, 5, 5, 5, 5, 8, 5, 9, 9, 9, 9, 9, 8, 8, 8, 2, 2, 8, 8, 8
2, 2, 2, 2, 2, 2, 2, 2, 3, 3, 2, 1, 2, 2, 3, 2, 1, 2, 1, 1, 2, 2, 2, 1, 1, 1, 1, 1, 2, 1, 1, 1, 1, 1, 2, 2, 2, 1, 1, 2, 2, 2, 1, 1, 1, 5, 5, 5, 5, 5, 5, 5, 5, 8, 8, 5, 8, 8, 5, 2, 5, 5, 8, 8, 8, 5, 2, 5, 5, 8, 8, 5, 8, 8, 5, 8, 8, 5, 5, 5, 5, 5, 5, 5, 8, 8, 5, 8, 8, 9, 9, 9, 9, 9, 9, 9, 9, 9, 9, 9, 5, 5, 5, 5, 5, 5, 5, 5, 5, 5, 5, 5, 5, 5, 5, 5, 5, 5, 5, 8, 5, 5, 8, 8, 5, 8, 5, 5, 8, 5, 5, 8, 5, 8, 8, 5, 8, 5, 5, 5, 5, 5, 5, 5, 5, 5, 5, 5, 5, 8, 8, 5, 5, 5, 5, 5, 2, 8, 2, 9, 9, 9, 9, 5, 5, 5, 5, 5, 5, 8
2, 2, 2, 2, 2, 2, 2, 2, 2, 2, 2, 3, 3, 2, 3, 3, 2, 3, 3, 2, 3, 3, 5, 5, 5, 5, 5, 5, 5, 5, 5, 5, 5, 5, 5, 5, 5, 5, 5, 5, 5, 5, 5, 5, 5, 8, 8, 5, 8, 8, 5, 8, 8, 5, 8, 8, 5, 8, 8, 5, 8, 8, 5, 8, 5, 5, 5, 5, 5, 5, 5, 5, 5, 5, 5, 5, 5, 5, 5, 5, 8, 8, 5, 5, 5, 5, 5, 5, 5, 8, 8, 5, 5, 5, 5, 5, 5, 5, 5, 5, 5, 2, 5, 5, 5, 5, 5, 5, 5, 5, 5, 5, 5, 5, 5, 5, 5, 5, 5, 5, 2, 2, 2, 5, 5, 5, 2, 2, 5, 5, 5, 5, 5, 8, 8, 8, 2, 5, 5, 2, 8, 8, 8
2, 2, 2, 2, 2, 2, 2, 2, 2, 2, 2, 2, 2, 2, 2, 2, 2, 2, 2, 3, 2, 2, 3, 3, 2, 3, 3, 5, 5, 5, 5, 5, 5, 5, 5, 5, 5, 5, 5, 5, 5, 5, 5, 5, 5, 5, 5, 5, 8, 8, 5, 2, 2, 5, 8, 8, 5, 8, 5, 5, 5, 5, 5, 5, 5, 5, 5, 5, 5, 5, 5, 5, 5, 5, 5, 5, 5, 5, 5, 5, 5, 2, 2, 5, 5, 5, 5, 5, 5, 5, 2, 2, 5, 5, 5, 5, 2, 5, 5, 5, 5, 5, 5, 5, 5, 5, 5, 5, 5, 5, 5, 5, 5, 5
2, 2, 2, 2, 2, 2, 2, 3, 3, 2, 3, 3, 3, 4, 4, 4, 4, 4, 4, 4, 4, 4, 4, 4, 5, 5, 5, 5, 5, 5, 5, 5, 5, 5, 5, 8, 8, 5, 8, 8, 5, 8, 8
2, 2, 2, 2, 2, 2, 2, 2, 2, 3, 3, 2, 1, 2, 2, 1, 2, 2, 2, 2, 2, 2, 3, 5, 5, 5, 5, 5, 5, 5, 5, 5, 5, 5, 5, 5, 5
2, 2, 2
2, 2, 2, 2, 2, 2, 2, 3, 3, 2, 1, 2, 2, 1, 2, 2, 2, 4, 4, 4, 4, 4, 4, 4, 4, 4, 4, 4, 4, 4, 4, 4, 4, 4, 4, 4, 4, 5, 5, 5, 5, 5, 5, 5, 5, 5, 5, 5, 5, 8, 8, 5, 8, 8, 5
2, 1, 2, 3, 2, 2, 1, 1, 1, 1, 1, 2, 1, 1, 1, 2, 1, 1, 1, 1, 2, 2, 2, 2, 2, 2, 1, 3, 3, 3, 2, 2, 2, 2, 2, 2, 2, 2, 3, 3, 2, 3, 3, 2, 2, 2, 2, 2, 2, 2, 2, 2, 2, 2, 2, 2, 3, 3, 2, 3, 3, 2, 3, 3, 2, 3, 2, 3, 3, 3, 2, 3, 2, 2, 2, 5, 2, 2, 2, 5, 5, 5, 8, 5, 2, 5, 2, 2, 2, 8, 5, 5, 5, 5, 5, 5, 5, 8, 8, 5, 8, 8, 5, 5, 5, 5, 5, 8, 5, 5, 8, 8, 5, 8, 8, 8, 5, 5, 8, 8, 5, 8, 8, 5, 5, 5, 5, 5, 5, 5, 5, 5, 5, 5, 5, 8, 5, 5, 8, 5, 5, 8, 5, 5, 5, 8, 5, 5, 8, 5, 5, 5, 5, 5, 5, 5, 5, 5, 5, 5, 5, 2, 8, 2, 9, 9, 9, 9, 9, 9, 5, 5, 5, 5, 5, 5, 5, 2, 2, 5
1, 1, 2, 2, 2, 2, 2, 2, 2, 2, 2, 3, 3, 2, 3, 3, 2, 3, 3, 2, 3, 3, 5, 5, 5, 5, 5, 5, 5, 5, 5, 5, 5, 5, 5, 8, 5, 5, 5, 5, 5, 5, 5, 5, 5, 5, 5, 5, 5, 8, 5, 5, 5, 5, 5, 5, 5, 5, 5, 5, 5, 5, 9, 9, 9, 9, 5, 5, 5, 5, 5, 5, 5, 5, 5, 5, 8, 8, 5, 8, 8
3, 3, 3, 7, 3, 7, 3, 7, 3, 7, 3, 7, 7, 7, 7, 7, 7, 7, 7, 3, 3, 3, 7, 3, 7, 3, 7, 3, 3, 3, 3, 7, 7, 7, 7, 7, 7, 7, 7, 3, 3, 3, 7, 3, 7, 3, 7, 3, 7, 3, 3, 7, 3, 7, 7, 7, 7, 7, 7, 7, 7, 7, 3, 3, 3, 7, 3, 7, 3, 3, 7, 3, 3, 7, 3, 7, 7, 3, 7, 7, 3, 7, 7, 7, 7, 7, 7, 7, 7, 7
2, 2, 2, 2, 2, 2, 2, 3, 2, 2, 1, 2, 2, 3, 3, 3, 2, 2, 1, 2, 2, 3, 3, 2, 1, 2, 2, 1, 2, 5, 5, 5, 5, 5, 5, 5, 5, 5, 5, 5, 5, 5, 8, 8, 5, 5, 5, 5, 5, 5, 5, 5, 5, 5, 5, 5, 5, 5, 5, 5, 8, 8, 5, 5, 5, 5, 5, 5, 5, 8, 5, 8, 8, 5, 8, 8, 5, 5, 8, 8, 5, 8, 5, 8, 8, 5, 8, 8, 5, 2, 5, 5, 8, 5, 5, 5, 5, 5, 5, 5, 5, 5, 5, 5, 2, 2, 5, 5, 8, 5, 5, 8, 5, 2, 2, 5, 5, 8, 5, 5, 8, 5, 5, 8, 5, 5, 8
2, 2, 2, 2, 5, 5, 5, 5, 5, 5, 5, 5, 5, 5, 5, 5, 5, 5, 5, 5, 5, 5, 5, 5, 5, 5, 5, 5, 5, 5, 5, 5, 5, 8, 5, 8, 8, 5, 8, 8, 5, 5, 5, 5, 5, 5, 5, 5, 5, 5, 5, 5, 8, 5, 5, 8, 5, 5, 8
5, 5, 5, 5, 5, 5, 5, 5, 5, 5, 5, 5, 5, 2, 5, 5, 8, 8, 5, 9, 9, 5, 5, 5, 5, 5, 5, 5, 5, 5, 5, 5, 5, 5, 5, 8, 5, 5, 8, 8, 5, 8, 5, 8, 8, 8, 5, 5, 2, 5, 5, 8, 8, 5, 8, 8, 2, 2, 2, 5, 2, 5, 5, 5, 5, 5, 2, 2, 2, 2, 2, 5, 5, 2, 2, 2, 5, 5, 5, 5, 5, 5, 5, 8, 8, 8
2, 2, 2, 2, 2, 3, 3, 2, 3, 3, 5, 5, 5, 5, 5, 5, 5, 5, 5, 5, 5, 5, 5, 8, 8, 5, 2, 5, 5, 8, 8, 5, 5, 5, 5, 5, 5, 5, 5, 5, 5, 5, 5, 2, 5, 5, 5, 5, 5, 5, 5, 5, 5, 5, 5, 5, 5, 5, 5, 8, 5, 5, 8, 9, 5, 5, 5, 5, 5, 5, 5, 5, 5, 5, 8, 8, 5, 8, 5, 5
2, 2, 2, 2, 5, 5, 5, 5, 5, 5, 5, 5, 5, 5, 5, 5, 5, 8, 8, 5, 8, 8, 5, 8, 5, 5, 8, 8, 5, 8, 8, 5, 8, 5, 5, 5, 5, 5, 5, 5, 5, 5, 5, 5, 5, 5, 5, 5, 5, 5, 8, 5, 8, 8, 5, 8, 8, 5, 5, 5, 5, 5, 5, 5, 5, 5, 5, 5, 2, 5, 5, 5
2, 2, 2, 2, 2, 3, 3, 2, 3, 3, 5, 5, 5, 5, 5, 5, 5, 5, 5, 5, 5, 5, 5, 2, 5, 5, 8, 8, 5, 8, 8, 5, 5, 5, 5, 5, 5, 5, 5, 5, 5, 5, 5, 5, 5, 8, 8, 5, 8, 8, 5, 8, 5, 5, 5, 5, 5, 5, 5, 5, 5, 5, 5, 5, 5, 5, 8, 5, 5, 8, 5, 5, 5, 5, 5, 5, 5, 5, 5, 5
2, 3, 3, 2, 3, 3, 2, 3, 3, 3, 3, 2, 3, 2, 3, 3, 2, 3, 3, 2, 3, 3, 2, 2, 2, 2, 5, 5, 5, 5, 5, 5, 5, 5, 5, 5, 5, 5, 5, 5, 5, 5, 5, 5, 5, 5, 5, 5, 5, 5, 5, 8, 5, 5, 2, 5, 5, 8, 5, 5, 2, 5, 8, 8, 5, 8, 8, 5, 8, 8, 5, 8, 8, 5, 8, 8, 5, 5, 5, 5, 5, 5, 5, 5, 5, 5, 5, 5, 9, 5, 5, 5, 5
3, 2, 2, 3, 3, 2, 3, 3, 5, 5, 5, 5, 5, 5, 5, 5, 5, 5, 5, 5, 5, 5, 5, 5, 5, 5, 5, 5, 5, 5, 5, 2, 5, 5, 8, 5, 5, 8, 5, 5, 2, 5, 5, 8, 5, 5, 8, 5, 5, 2, 5, 5, 2, 5, 8, 2, 2, 2, 2, 2, 2, 2, 2
2, 2, 2, 2, 2, 2, 2, 1, 1, 2, 3, 2, 2, 1, 1
3, 3, 3, 7, 7, 3, 7, 7, 3, 7, 7, 3, 7, 7, 3, 3, 3, 7, 7, 7, 3, 3, 3, 3, 7, 3, 3, 3, 7, 7, 7, 3, 7, 7, 7, 3, 7, 3, 3, 3, 7, 3, 3, 3, 7, 3, 3, 3, 7, 7, 3, 3, 3, 3, 3, 7, 3, 7, 3, 7, 7
2, 2, 2, 2, 2, 2, 2, 2, 2, 2, 2, 3, 3, 2, 3, 2, 2, 1, 2, 3, 1, 2, 2, 1, 1, 2, 1, 2, 1, 1, 1, 2, 1, 1
2, 2, 2, 2, 2, 2, 2, 2, 2, 2, 1, 2, 2, 1, 1, 2, 3, 2, 2, 2, 2, 1, 1, 3, 2, 1, 1, 2, 1, 1, 2, 1, 1, 1, 1, 1, 1, 1, 1, 1, 2, 1, 1, 1, 1, 1, 1, 1, 1, 1, 2, 2, 2, 1, 1, 2, 1, 1, 1, 2, 2, 2, 2, 2, 2, 2, 2, 2, 2, 2
2, 3, 2, 2, 1, 1, 2, 2, 3, 2, 2, 1, 2, 3, 2, 2, 3, 3, 2, 3, 2, 2, 3, 2, 3, 5, 5, 5, 5, 5, 5, 5, 5, 5, 5, 5, 5, 5, 5, 2, 5, 5, 5, 5, 8, 5, 5, 2, 5, 5, 2, 2, 5, 8, 5, 5, 2, 5, 2, 2, 5, 5, 5, 5, 5, 8, 8, 5, 2, 5, 8, 5, 5, 5, 5, 5, 5, 5, 5, 5, 5, 5, 5, 5, 2, 5, 5, 5, 5, 5, 5, 5, 5, 5, 5, 5, 5, 5, 5, 5, 5, 5, 5, 5, 5, 5, 5, 5, 2, 2, 5, 5
2, 2, 2, 2, 2, 2, 2, 2, 2, 1, 1, 2, 3, 3, 2, 3, 3, 2, 1, 3, 2, 3, 2, 2, 2, 2, 2, 2, 2, 3, 3, 2, 3, 2, 3, 3, 3, 5, 5, 5, 5, 5, 5, 5, 5, 5, 5, 5, 5, 5, 5, 5, 5, 5, 5, 5
2, 2, 2, 2, 2, 2, 2, 2, 2, 2, 2, 2, 2, 3, 2, 2, 3, 3, 2, 3, 3, 2, 3, 2, 2, 3, 3, 2, 3, 3, 2, 3, 3, 2, 3, 3, 2, 3, 3, 2, 2, 3, 3, 2, 3, 3, 2, 3, 3, 2, 3, 3, 2, 3, 3, 2, 3, 3, 5, 5, 5, 5, 5, 5, 5, 5, 8, 8, 5, 8, 5, 5, 8, 5, 5, 8, 8, 8, 5, 5, 8, 5, 5, 5, 5, 5, 5, 5, 5, 5, 5, 5, 5, 5, 5
3, 3, 3, 7, 3, 7, 3, 7, 3, 7, 3, 3, 3, 7, 7, 3, 3, 7, 7, 3, 7, 7, 3, 3, 7, 7, 7, 3, 7, 7, 3, 7, 3, 3, 3, 7, 7, 3, 7, 7, 7, 7, 7, 7, 3, 3, 3, 7, 3, 7, 3, 7, 3, 3, 3, 3, 7, 7, 7, 3, 3, 7, 7, 3, 3, 7, 7, 7, 3, 7, 7, 3, 7, 3, 3, 3, 7, 7, 7, 7, 7, 7, 7, 7, 7, 3, 3, 3, 7, 3, 7, 3, 3, 7, 3, 7, 3, 7, 3, 7, 3, 7, 7, 7, 7, 7, 7, 7, 7, 7, 7
2, 2, 2, 2, 2, 2, 2, 2, 2, 2, 2, 3, 3, 2, 3, 3, 2, 3, 3, 2, 3, 3, 2, 3, 2, 3, 5, 5, 5, 5, 5, 5, 5, 5, 5, 5, 5, 5, 5, 2, 5, 5, 8, 8, 5, 2, 5, 5, 5, 5, 8, 5, 5, 5, 8, 8, 5, 8, 8
2, 2, 2, 2, 2, 2, 2, 2, 2, 2, 2, 3, 3, 2, 1, 5, 5, 5, 5, 5, 5, 5, 5, 5, 5, 5, 5, 5, 8, 8, 5, 2, 5, 5, 2, 2, 8, 5, 5, 2, 2, 5, 8, 5, 5, 2, 5, 8, 5, 5, 5
2, 2, 2, 2, 2, 2, 2, 2, 2, 2, 5, 5, 5, 5, 5, 5, 5, 5, 9, 9, 9, 9, 9, 9
2, 2, 2, 2, 2, 2, 2, 2, 2, 2, 2, 1, 2, 2, 3, 3, 2, 3, 3, 2, 1, 2, 3, 3, 2, 3, 3, 5, 5, 5, 5, 5, 5, 5, 5, 5, 5, 5, 5, 5, 8, 8, 5, 8, 8, 5, 8, 8, 5, 8, 8, 8, 8, 5, 8, 8, 5, 2, 2, 5, 8, 8, 5, 8, 8, 5, 2, 5, 8, 8, 5, 8, 8
2, 2, 2, 2, 2, 2, 2, 2, 2, 2, 2, 3, 3, 2, 3, 3, 2, 3, 2, 2, 3, 3, 2, 3, 3, 2, 3, 2, 2, 3, 3, 5, 5, 5, 5, 5, 5, 5, 5, 5, 5, 5, 5, 5, 8, 8, 5, 8, 8, 5, 2, 2, 5, 8, 8, 5, 8, 5, 2, 2
2, 2, 2, 2, 2, 2, 2, 2, 2, 2, 2, 2, 5, 5, 5, 5, 5, 5, 5, 5, 5, 5, 5, 5, 5, 8, 8, 8, 9, 9, 9, 9, 9, 9
5, 5, 5, 5, 5, 5, 5, 8, 8, 5, 5, 5, 5, 5, 5, 5, 5, 5, 5, 5, 5, 5, 5, 2, 5, 5, 2, 2, 5, 8, 5, 5
5, 5, 5, 5, 5, 5, 5, 8, 8, 5, 8, 8, 5, 8, 5, 8, 8, 5, 5, 5, 5, 5, 5, 5, 5, 5, 5, 5, 5, 5, 8, 8, 5, 2, 5, 5, 8, 8, 8, 8, 5, 5
3, 3, 3, 7, 7, 3, 3, 7, 7, 3, 7, 7, 3, 7, 7, 3, 7, 7, 3, 7, 7, 7, 3, 7, 3, 3, 3, 7, 7, 3, 7, 7, 7, 7, 7, 7, 3, 3, 7, 3, 3, 3, 7, 3, 3, 7, 7, 3, 7, 7, 3, 7, 7, 7, 7, 7, 7, 7, 7, 7, 3, 3, 3, 7, 3, 7, 3, 3, 3, 7, 3, 7, 3, 7, 3, 7, 7, 3, 7, 7, 7, 7, 7, 7, 7, 7, 7, 7
2, 2, 2, 2, 2, 2, 2, 2, 2, 2, 2, 3, 3, 2, 1, 2, 2, 1, 2, 2, 3, 3, 2, 1, 2, 2, 1, 2, 5, 5, 5, 5, 5, 5, 5, 5, 5, 5, 5, 5, 5, 8, 8, 5, 8, 8, 5, 8, 8, 5, 8, 5, 8, 8, 5, 8, 8, 5, 2, 5, 5, 2, 5, 5, 8, 8, 5, 2, 5, 5, 5, 5, 8, 8, 5, 8, 8, 5, 8, 8, 5, 8, 8, 5, 8, 8, 5, 5, 5, 8, 8, 5, 8, 8, 5, 8, 8, 5, 8, 5, 5, 5, 5, 5, 5, 5, 5, 5, 5, 5, 5, 5, 5, 5, 5, 5, 5, 5, 5, 5, 5, 5, 5, 5, 5, 5, 5, 5, 5, 5, 5, 8, 8, 5, 8, 8, 5, 5, 5, 5, 8, 8, 5, 8, 8, 5, 8, 8, 5, 8, 8, 5, 5, 8, 5, 5, 5
2, 2, 2, 2, 2, 2, 2, 2, 2, 2, 2, 3, 5, 5, 5, 5, 5, 5, 5, 5, 5, 2, 5, 5, 2, 5, 5, 5, 5, 2, 5
2, 2, 2, 2, 2, 2, 2, 2, 2, 2, 5, 5, 5, 5, 5, 5, 5, 5, 5, 5, 5, 5, 5, 8, 8, 5, 8, 8, 5, 8, 8, 5, 8
2, 2, 2, 2, 2, 2, 2, 2, 3, 2, 3, 2, 2, 2, 2, 2, 2, 2, 2, 2, 2, 2, 2, 3, 3, 2, 1, 2, 2, 1, 1, 2, 3, 2, 1, 2, 2, 1, 1, 2, 3, 3, 2, 3, 3, 2, 3, 3, 2, 3, 3, 2, 2, 5, 2, 5, 5, 5, 2, 5, 2, 8, 5, 5, 5, 5, 5, 5, 5, 2, 5, 5, 2, 5, 5, 5, 5, 5, 5, 8, 8, 5, 8, 5, 5, 8, 8, 5, 8, 5, 8, 5, 8, 8, 5, 5, 5, 5, 5, 5, 5, 5, 5, 2, 5, 5, 2, 5, 5, 5, 5, 5, 5, 5, 5, 5, 5, 5, 5, 8, 8, 5, 8, 8, 5, 5, 8, 5, 2, 8, 8, 8, 2, 9, 9, 9, 9, 5, 5, 5, 5, 5, 5, 8, 5, 5, 8, 9, 9, 9, 5, 2, 2, 5, 2
2, 2, 2, 2, 2, 2, 2, 3, 2, 2, 3, 3, 2, 1, 2, 3, 2, 3, 2, 2, 5, 5, 5, 5, 5, 5, 5, 5, 5, 5, 5, 5, 5, 2, 2, 5, 5, 5, 2, 2, 5, 2, 5, 5, 5, 5, 5
2, 2, 2, 2, 2, 2, 2, 2, 3, 3, 2, 3, 3, 2, 2, 2, 2, 2, 2, 2, 2, 2, 2, 2, 3, 3, 2, 3, 3, 2, 3, 3, 2, 3, 3, 2, 3, 3, 2, 3, 3, 2, 1, 2, 2, 3, 3, 2, 3, 3, 2, 1, 2, 2, 3, 3, 2, 3, 3, 5, 5, 5, 5, 5, 5, 5, 8, 8, 5, 8, 8, 5, 5, 5, 5, 5, 5, 5, 5, 5, 5, 5, 8, 8, 5, 5, 5, 5, 5, 5, 5, 8, 8, 5, 5, 5, 5, 5, 5, 5, 5, 8, 5, 8, 8, 5, 5, 8, 5, 5, 8, 5, 8, 8, 5, 5, 8, 5, 8, 8, 5, 8, 8, 5, 8, 8, 5, 8, 8, 5, 8, 8, 5, 8, 8, 5, 5, 8, 5, 5, 8, 5, 5, 5, 5, 5, 5, 5, 5, 5, 5, 5, 5, 5, 8, 8, 5, 8, 8, 5, 8, 8, 5, 8, 8, 5, 5, 2, 8, 2, 9, 9, 9, 9, 5, 5, 5, 5, 8, 5, 5, 8, 9, 9, 9, 9, 5, 5, 5, 5, 5, 5, 5, 5, 5, 5, 5, 8, 8, 5, 5, 5, 5, 8, 8, 5, 5, 5, 2, 2, 2, 5, 5, 5, 2, 2, 2, 2, 2, 2, 2
2, 2, 1, 2, 2, 3, 3, 2, 2, 2, 2, 2, 2, 2, 2, 2, 2, 2, 2, 2, 2, 2, 2, 2, 2, 3, 3, 5, 5, 5, 5, 5, 5, 5, 5, 5, 5, 5, 5, 5, 8, 8, 5, 8, 5, 5
2, 2, 2, 2, 5, 2, 5, 5, 5, 5, 5, 5, 5, 5, 5, 5, 5, 5, 5, 2, 5, 5, 2, 5, 5, 5
2, 3, 3, 2, 2, 2, 2, 2, 2, 2, 2, 3, 3, 2, 3, 3, 3, 3, 2, 3, 3, 2, 2, 2, 2, 2, 2, 2, 2, 2, 2, 2, 2, 5, 5, 5, 5, 5, 5, 5, 5, 5, 5, 5, 5, 9, 9, 5
2, 2, 2, 2, 2, 2, 2, 2, 2, 2, 2, 2, 2, 2, 2, 2, 2, 2, 2, 3, 2, 2, 3, 3, 2, 3, 3, 2, 2, 5, 5, 5, 5, 5, 5, 5, 5, 5, 5, 5, 5, 5, 2, 5, 5, 2, 2, 5, 8, 8, 5, 2, 5, 5, 2, 2, 8, 8, 5, 8, 8, 5, 8, 8, 5, 8, 8, 5, 8, 5, 5, 5, 5, 5, 5, 5, 5, 5, 5, 5, 5, 5, 5, 5, 5, 5, 5, 5, 5, 5, 5, 5, 8, 8, 5, 8, 8, 5, 2, 5, 5, 8, 8, 5, 8, 8, 5, 2, 5, 5, 8, 8, 5, 2, 5, 5, 8, 8
2, 2, 2, 2, 2, 2, 2, 2, 2, 2, 5, 5, 5, 5, 5, 5, 5, 5, 5, 5, 5, 5, 5, 8, 8, 5, 5, 5, 5, 5, 5
2, 2, 2, 2, 2, 2, 2, 2, 2, 2, 2, 2, 2, 2, 2, 2, 2, 3, 3, 2, 3, 2, 2, 1, 2, 2, 3, 3, 2, 2, 2, 2, 5, 5, 5, 5, 5, 5, 5, 5, 5, 5, 5, 5, 5, 8, 8, 5, 2, 5, 5, 8, 5, 5, 8, 8, 5, 2, 5, 8, 5, 5, 5, 5, 5, 5, 5, 5, 5, 5, 5, 5, 5, 5, 5, 5, 5, 5, 5, 5, 5, 5, 5, 8, 8, 5, 8, 8, 5, 8, 8, 5, 8, 8, 5, 8, 8, 5, 8, 8
5, 5, 5, 5, 5, 5, 5, 5, 2
3, 3, 2, 2, 2, 2, 2, 2, 2, 2, 2, 2, 1, 2, 2, 3, 2, 2, 1, 2, 2, 3, 2, 5, 5, 5, 5, 5, 5, 5, 5, 5, 5, 5, 5, 5, 8, 8, 5, 8, 8, 5, 8, 8, 5, 8, 8, 5, 8, 8, 5, 8, 8, 5, 8, 5, 5, 8, 5, 5, 8, 8, 5, 8, 5, 5, 8, 5, 5, 8, 8, 5, 8, 5, 5, 8, 5, 5, 5, 5, 8, 8, 5, 5, 5, 5, 5, 5, 5, 5, 8, 8, 5, 2, 2, 5, 8, 8, 5, 2, 2
5, 5, 5, 5, 5, 5, 5, 5, 5, 5, 5, 8, 8, 5, 2, 5, 5, 2, 5, 8, 5, 5, 5, 8, 8, 5, 8, 8, 5, 2, 5, 5, 5, 5, 5, 5, 5, 5, 5, 5, 5, 5, 5, 5, 5, 5, 5, 8, 5, 5, 8, 8, 5, 8, 5, 5, 8, 8, 5, 5, 5, 5
5, 5, 5, 5, 5, 5, 5, 5, 5, 5, 2, 2, 5, 2, 5, 5, 2
2, 2, 2, 2, 2, 2, 2, 2, 2, 2, 2, 2, 2, 1, 2, 2, 3, 3, 2, 3, 3, 2, 2, 3, 3, 2, 3, 3, 2, 1, 2, 5, 5, 5, 5, 5, 5, 5, 5, 5, 5, 5, 8, 8, 5, 2, 5, 5, 5, 5, 5, 5, 5, 5, 5, 5, 5, 5, 5, 5, 8, 8, 5, 8, 8, 8, 8, 2, 2, 2, 2, 2, 2, 5, 5, 5, 5, 5, 5, 5, 5, 5, 5, 5, 5, 5, 5, 5, 5, 8, 8, 8, 8, 8, 8, 8, 8, 8, 8, 5, 5, 5, 5, 5, 5, 5, 5, 5, 5, 5
2, 2, 2, 2, 2, 2, 2, 3, 3, 2, 3, 3, 2, 3, 2, 3, 3, 3, 3, 2, 5, 5, 5, 5, 5, 5, 5, 5, 5, 5, 5, 5, 5, 8, 5, 5, 8, 8, 5, 5, 5, 5, 5, 5, 5, 5, 5, 5, 5, 5, 5, 5, 5, 5, 5, 5, 5, 5, 5, 5, 5, 5, 5, 5, 5, 8, 5, 5, 8, 5, 5, 8, 5, 5, 8, 5, 5, 8, 5, 5, 8, 5, 5, 8, 5, 5, 8, 8, 5, 5, 8, 8, 5, 5, 2
2, 2, 2, 2, 2, 2, 2, 2, 2, 3, 2, 2, 3, 5, 5, 5, 5, 5, 5, 5, 5, 5, 5, 5, 5, 5, 5, 5, 5, 5, 5, 5, 5, 5, 5, 5, 8, 5, 5, 5, 5, 5, 5, 5, 5, 5, 8, 8, 5, 8, 8, 5
3, 3, 3, 7, 3, 7, 3, 3, 3, 3, 7, 7, 3, 3, 7, 7, 3, 7, 7, 3, 7, 7, 7, 3, 7, 7, 3, 3, 3, 3, 7, 7, 3, 3, 7, 7, 3, 3, 7, 7, 7, 3, 7, 7, 7, 3, 7, 7, 7, 3, 7, 7, 7, 3, 7, 7, 3, 3, 3, 3, 7, 3, 7, 3, 7, 3, 7, 3, 7, 7, 3, 7
2, 2, 2, 2, 2, 2, 2, 2, 2, 2, 4, 4, 4, 4, 4, 2, 2, 2, 2, 2, 2, 2, 2, 2, 2, 2, 2, 2, 2, 2, 2, 2, 2, 2, 2, 2, 2, 2, 2, 2, 2, 1, 2, 2, 1, 1, 2, 1, 1, 2, 2, 2, 1, 1, 2, 1, 1, 2, 2, 2, 2, 2, 2, 2, 2, 2, 2, 2, 2, 2, 1, 1, 2, 1, 2, 2, 1, 1, 2, 1, 2, 2, 1, 2, 1, 1, 2, 3, 2, 2, 1, 3, 2, 5, 5, 5, 5, 5, 5, 5, 5, 5, 5, 5, 5, 5, 5, 5, 5, 5, 5, 5, 5, 5, 5
2, 2, 2, 2, 2, 2, 2, 2, 2, 3, 2, 2, 3, 2, 4, 2, 2, 2, 2, 2, 2, 2, 2, 2, 2, 2, 2, 2, 3, 3, 2, 3, 3, 2, 3, 3, 2, 3, 3, 2, 3, 3, 2, 3, 3, 2, 3, 3, 5, 5, 5, 5, 5, 5, 5, 5, 5, 5, 5, 5, 5, 8, 8, 5, 8, 8, 5, 8
2, 2, 2, 2, 2, 2, 2, 2, 2, 2, 2, 2, 2, 1, 1, 2, 3, 2, 2, 1, 2, 2, 1, 1, 3, 2, 2, 3, 3, 2, 3, 3, 2, 3, 2, 3, 3, 2, 5, 5, 5, 5, 5, 5, 5, 5, 5, 5, 5, 5, 5, 2, 5, 5, 8, 5, 5, 8, 5
5, 5, 5, 5, 5, 5, 5, 5, 5, 5, 5, 5, 5
2, 2, 2, 2, 2, 2, 2, 2, 2, 2, 2, 2, 2, 2, 2, 2, 2, 2, 2, 2, 2, 2
2, 2, 2, 2, 2, 2, 2, 3, 3, 2, 3, 2, 3, 2, 2, 2, 2, 2, 2, 2, 2, 2, 2, 2, 2, 2, 3, 3, 2, 3, 2, 2
2, 2, 2, 3, 3, 2, 3, 2, 2, 1, 2, 2, 3, 2, 2, 2, 2, 2, 2, 2, 5
2, 2, 2, 2, 2, 2, 2, 2, 2, 2, 2, 2, 2, 2, 2, 3, 3, 2, 3, 5, 5, 5, 5, 5, 5, 5, 5, 5, 5, 5, 5, 5, 8, 5, 5, 8
2, 2, 2, 2, 2, 2, 2, 2, 2, 2
2, 2, 2, 2, 2, 2, 2, 2, 2, 3
2, 2, 2, 2, 2, 2, 2, 2, 2, 2, 2, 3, 3, 2, 3, 2
5, 5, 5, 5, 5, 5, 5, 5, 5, 5, 5, 5, 5, 5, 5, 5, 5, 5, 2, 5, 5, 5, 5, 5, 5, 5, 5, 5, 5, 5, 5, 5, 5, 5
5, 5, 5, 5, 5, 5, 5, 5, 5, 5, 5, 5, 5, 8, 8, 5, 2, 5, 5, 2, 5, 8, 5, 5, 5, 5, 8, 5, 8, 2, 2, 2, 2, 2, 2, 2, 2, 2, 2, 5, 5, 5, 5, 5, 5, 5, 5, 5, 5, 5, 5, 5, 5, 5, 5, 5, 5, 5, 5, 8
2, 2, 2, 2
5, 5, 5, 5, 5, 5, 5, 5, 5, 5, 5, 5
2, 2, 2, 2, 2, 2, 2, 2, 2, 3, 2
3, 3, 3, 7, 3, 3, 3, 7, 3, 3, 7, 7, 3, 7, 3, 3, 3, 7, 7, 7, 3, 7, 3, 3, 3, 7, 3, 3, 3, 7, 7, 7, 7, 7, 7, 7, 7, 7, 7
